01000090070
01000094954
01000255359
01000431842
01000475051
01000655461
01000768398
01000874022
01001073853
01001090498
01001324222
01001671156
01001733031
01001779980
01002020027
01002022979
01002053096
01002187607
01002455251
01002474848
01002869735
01002906251
01004873144
01005324034
01005330034
01005334004
01005384446
01005434678
01005501547
01005887003
01006055059
01006270903
01006343463
01006718384
01006955156
01007177756
01007247110
01007306502
01007400454
01007470475
01007721422
01008020722
01008257737
01008383004
01008600346
01009309455
01009367057
01009866672
01009871357
01010014614
01010509367
01010563810
01010939629
01011731184
01012015545
01012021590
01012222806
01013112465
01014087044
01015946650
01016208031
01016468085
01016864422
01017003578
01018015377
01018093510
01018219377
01019010199
01019259558
01019445493
01019753177
01020003000
01020120118
01020807058
01021116050
01021914509
01022216085
01022237682
01022440234
01022533356
01024026745
01024444268
01024620244
01025559377
01026040088
01026163680
01026600037
01027392355
01027877607
01028040500
01029466668
01029642364
01030040312
01033093770
01033388582
01040018952
01050209235
01050555303
01055902096
01060162869
01061600015
01062090220
01063517551
01064026161
01064222276
01064735558
01064912815
01064973013
01065064730
01065087849
01066418877
01066554974
01066653032
01067061177
01067220784
01067273787
01068223946
01070693393
01080333464
01080449765
01080491779
01080559788
01090120141
01090498864
01090574424
01091195554
01092198886
01092989282
01093831188
01094740824
01095206005
01095355534
01096727333
01097052424
01097744425
01097871678
01099006622
01099250317
01099332561
01099682850
01099934132
01100066148
01101010245
01101073877
01103660842
01110110188
01111134822
01111179592
01114726444
01115008177
01115165554
01116003773
01117882808
01119708881
01119840571
01119909254
01119919828
01120844453
01123744442
01128447785
01141118171
01141118191
01141392941
01142635127
01143269602
01146599096
01148127917
01148861832
01148888044
01153823441
01154198365
01155565669
01156742629
01157551977
01158874055
01158874066
01159012120
01159164293
01159370222
01159588668
01159899311
01172027587
01185120111
01200275222
01201092955
01201180047
01204321308
01205188777
01207800788
01211154960
01211192684
01220212909
01220291174
01220577779
01222103611
01222148335
01222157845
01223256612
01223342773
01223468852
01223702464
01223893042
01224148809
01224187641
01225544443
01226699638
01227370566
01227381702
01227500522
01227694441
01229377778
01270498835
01270979709
01271096269
01272013201
01272469618
01272662822
01272960905
01277667834
01279100342
01281058735
01283498776
01284974450
01285666484
01286700700
01288700001
01288803796
01288944417
01289342858
01555550586
01556647080